558.23967299 492.61246622
454.38383994 398.78025362
505.45064982 442.98189669
526.64990342 629.28815509
478.00119530 428.65454981
454.26854384 525.46164606
452.11110313 416.47636070
450.65232448 499.04101064
466.39660142 516.30098488
514.88004718 587.45962981
405.57390135 416.98117207
458.40220337 461.72192589
542.85898001 504.96190954
423.16351971 444.73641497
484.21385009 540.41692012
480.14322573 509.49343800
421.45313667 434.94608883
485.36811240 483.91471964
493.46733972 393.09851161
399.06253911 457.54003561
393.85683420 470.03112330
363.65142279 487.92421337
490.17857188 514.87548124
482.17100667 376.45463547
493.48151049 435.29086252
526.27766736 493.76186191
471.51440603 496.27337687
464.70453982 429.82843375
479.09945279 469.44735863
444.12052407 435.61990921
510.41905729 448.20134403
462.23493894 526.37040852
487.45547070 466.16947509
494.10678880 442.03951121
463.50325074 473.07772428
460.16138974 454.81307301
437.72421342 475.61809844
360.72154315 437.42920555
402.70998078 405.62271289
429.62129255 475.17571527
385.11509892 429.04978718
416.51773751 497.73626511
556.63968866 493.76289207
433.05805057 476.79550348
413.46213051 458.37902813
500.06397274 458.41550088
348.01436624 484.99062726
443.88697800 499.23842926
385.33651740 462.20221384
394.01986241 440.79463725
363.87166036 439.57901129
369.74877916 432.90751225
365.28209336 452.45177492
468.34439050 442.06661163
407.64634467 425.89152402
374.32200808 463.13603830
488.88939392 422.70856253
451.16457120 476.58518073
361.14664636 431.28777348
354.82064613 500.08406646
381.53041704 505.89225615
378.58419883 512.14604320
490.57386858 510.06166387
382.62472702 514.26860602
443.75879624 485.91727429
445.60083489 472.49203891
375.42441084 498.55524694
364.24186471 449.82411810
484.02496400 611.67538005
368.16972959 445.23606200
459.21863415 387.80008394
413.24374869 581.88949815
501.93756366 476.03055669
412.42185843 462.59465312
377.80443117 449.18399150
439.73827102 428.34220261
405.20603367 492.89185420
513.03567662 475.73091311
596.02557013 538.57095256
387.08958291 456.44550032
392.93772316 488.79411830
435.75947638 501.90142939
582.29817627 423.56780623
494.78147987 473.34010980
384.75628552 468.78483941
468.12591182 433.24762607
427.21520459 463.29182564
472.63309810 424.41016674
403.68536283 475.85618027
437.16572804 477.29853021
393.70265010 434.04499993
421.79564628 451.90794768
374.48571720 413.13429504
387.95381078 444.78766253
460.30632032 469.78807701
485.03566920 425.77502075
378.38275196 464.13580036
358.35561484 480.16252252
374.93136210 466.66759052
427.34756743 471.11611568
411.33597874 437.78092843
348.42502325 518.54919847
365.31727142 437.24620539
385.64915181 490.98408719
376.86774083 483.93755756
466.99168957 527.05092576
406.50703342 490.13493100
369.73058751 443.62899036
617.19964653 476.73942178
383.92886931 471.58388477
379.89749473 503.28296433
416.36483077 498.05454887
472.75107791 525.07435631
397.35498820 518.99957109
379.63367266 513.99498934
386.71640719 465.63355172
385.93746045 520.81935368
465.41380523 486.38855639
493.58976870 499.77309105
430.92997839 422.76760538
372.67618369 466.72704861
468.82638663 438.87221489
614.73474709 498.65329739
406.17933109 459.57705066
384.32817865 448.55542065
369.96857398 429.81437261
408.19177631 445.67056287
447.23120310 402.55683592
439.44373359 482.04782781
488.81236006 436.30415467
389.28893893 483.98957051
439.79781931 443.40158854
438.58539987 441.68575720
407.11988689 434.88905835
451.08144325 414.24035250
387.77234647 453.74567548
378.24987401 452.71247531
368.21966733 453.76317299
475.66196164 474.75122233
387.54045587 482.44874123
341.40498731 470.06217422
438.46931105 439.70579973
380.46007186 475.37614664
389.90223757 459.13523831
351.60766739 445.96262159
406.75821582 521.39524752
454.56997134 540.03785763
423.94144626 478.40629666
411.64933647 454.23407906
371.39534135 423.89933318
395.92627126 465.64972863
419.21167968 577.99206286
526.19745016 667.00000000
360.81172179 464.74092832
403.15098176 476.13919610
381.02855031 460.72044501
480.52677382 454.41179666
406.47144869 410.22908017
362.16631255 449.55593272
346.51453238 442.51109958
408.81900940 489.93817129
469.63826747 412.84887156
511.79932818 427.51247586
397.72000540 484.74563388
501.79177680 392.25328329
372.19690789 415.67489099
350.99349403 460.74210873
436.46415100 427.16145246
495.31334714 431.32863199
387.75920493 430.38276721
379.56104655 462.50459548
403.48192873 432.97653201
460.97024297 481.39413747
364.77086349 487.21419754
346.84238239 456.97048787
336.26778345 477.48204659
435.81191785 575.76190162
463.06006986 472.22419712
342.00486998 405.04968412
355.91852537 440.17530560
563.12084177 368.65627005
555.40602887 470.16608999
429.52383751 434.22758835
377.35599945 469.49157082
411.98980530 444.39233631
358.58869975 474.02394001
423.51072511 401.95972990
374.66184646 454.08474244
367.42184709 463.18557535
366.70423396 442.51314838
517.49542777 592.12100347
391.72671027 451.71403838
333.00000000 452.78613747
445.10263597 506.20294880
457.79760553 486.25777578
374.91904145 444.70635674
456.07234063 498.02729114
437.43162397 420.52676917
470.94873024 423.24173455
437.12101859 466.90573930
395.45518122 462.54789372
443.11556143 426.12326105
555.85508596 449.87560155
487.45253095 511.29200104
406.01990384 471.34488094
414.53737156 449.10993159
365.21483782 482.08080782
424.75711452 414.87314367
422.74096084 494.72944681
386.51552815 420.04209650
491.33476837 410.91099224
372.17695605 454.11677619
605.43138222 336.81520766
469.40729552 503.10469945
456.22995396 503.54496078
438.05798056 495.99195656
412.00907587 497.99963502
375.86687203 478.46812029
493.38916154 413.87820845
483.53773203 384.03919241
381.71865169 448.59157421
403.18123796 467.82563507
372.52662624 490.35380986
445.46258930 463.36152465
380.11835356 437.34544182
405.33543064 440.10831702
358.50274937 469.46916540
411.99653401 450.54457424
395.70104604 457.31825902
459.99654663 517.51494137
467.65309609 458.57432631
356.60354940 438.40130985
361.83411654 439.42909847
468.55459121 395.97385720
356.33697290 479.71081313
382.31795174 438.48777064
546.19841479 392.44900708
458.34830172 395.77655503
407.53723052 441.98366864
469.07305391 425.26517805
383.94350969 440.68685815
349.60694667 432.05120502
438.12746582 539.24159986
389.70676388 434.62815149
475.86859150 443.78519454
383.12552399 494.73150263
368.66587488 441.39142940
433.59902942 499.38598950
378.52814924 472.59828252
380.00352954 468.18933003
526.96870090 426.57379379
371.66156192 449.96922483
526.07083880 469.29932505
437.99739999 431.48827838
474.58789577 414.54865822
424.96978048 467.09897636
515.50429507 430.70587207
498.15023540 524.55237004
551.23496775 514.46372525
474.27760217 478.12033995
469.49969365 405.29550938
405.11916802 403.18050691
468.06695978 444.36885102
388.81122646 409.38711214
442.58630735 420.01278913
518.96984834 362.09426236
395.58880332 488.31291748
387.23342716 442.51718390
383.07940105 460.78513450
406.65245023 512.37334917
349.16469777 408.61031186
369.73442941 467.36381722
535.09257265 410.15263170
362.40302878 486.72006910
423.09056276 409.01899486
398.45939970 474.56527961
351.61492670 455.34450889
418.20814736 403.84922331
364.64205943 417.39468010
389.45557304 445.82323869
493.64383371 438.61672669
380.23490389 458.36380992
475.70826000 429.41226719
458.19091088 470.10246975
396.99273328 460.72459843
354.77608787 438.03593023
407.45830621 488.45042705
352.13205850 428.15533897
424.09727892 521.74406195
372.10224637 466.44233507
465.77215579 530.77193117
411.56525940 447.35770226
396.26722487 483.50943277
374.13230760 456.21990148
366.57387990 447.37372115
367.34986516 436.95808573
345.14863934 451.71738129
381.52969829 447.10265219
375.40653563 419.05324253
366.14661466 473.00453160
518.51977712 436.25745353
395.73142946 470.34519115
527.56529370 461.53445257
363.32331284 475.26334782
371.28686634 457.68778324
371.02126554 455.60580631
359.13088079 435.60314442
335.67810086 469.75943501
346.85836501 410.31543552
356.47531905 418.89119094
366.84895164 459.50394755
367.58120292 409.11196222
385.33714518 460.55720801
356.31545738 456.67860187
360.47581346 532.81937212
343.59913929 422.23450296
345.49144032 431.11115840
446.86771495 421.36420402
441.94759673 567.46670487
356.48939232 437.61413131
398.18037476 517.59758416
445.94475636 389.69779841
390.31279200 467.13247663
528.38258701 460.04331717
369.93441935 448.44181739
373.87774826 453.00141678
369.87331496 431.55684489
347.30557389 430.50030557
452.28855095 454.90859987
450.11057873 479.04488008
445.19860851 456.21042879
409.88862205 481.40675113
368.89890660 478.74072394
350.99822139 448.13689988
359.79509476 445.69432104
468.60571546 434.74428237
381.41686602 476.87922499
489.36902669 444.73126615
371.12413937 479.27243132
530.16412524 374.57927915
422.44908178 464.35411867
388.35031697 502.40158724
386.24101778 490.28069922
493.87114389 438.75707674
384.71885534 476.36844337
380.83272017 517.21014616
366.54152413 451.38965141
399.52749289 439.01194366
367.18078028 468.42856038
388.50559010 484.61721058
356.25718932 438.35748444
512.29376718 544.46978774
584.81718752 399.84578258
450.27381246 465.49804482
371.97116168 464.63027557
402.94531978 473.71504830
423.40416409 495.55468545
369.19777659 430.27816939
372.26054739 487.40623968
369.19783328 470.13832425
347.86136577 415.30942626
380.00302699 441.11459976
381.33461534 456.51369932
406.04393733 425.76130370
370.02082700 436.20559145
459.68282535 395.87511379
512.97660618 437.81268220
384.00371331 454.76703682
498.93765959 350.27423557
528.55833592 400.63010303
482.15111178 479.93562575
379.79363426 427.49798480
473.41832841 428.51717923
471.65154189 397.29588847
378.03378779 442.53379603
416.47536012 458.49805108
449.14994708 566.11620712
371.13857096 424.81338418
393.46880442 465.43185150
475.41633658 558.86922501
403.81648302 498.42119289
367.75659579 463.93354292
394.21256851 476.71224920
411.85609925 496.10247209
382.83174212 445.33061282
409.65657304 439.01155676
386.52121290 465.88878693
365.67844499 420.48968363
410.73243781 521.40586800
489.72514840 457.41298162
362.33825434 473.54447091
363.08135609 503.38802659
481.26405664 473.22652294
535.03140533 446.50571487
387.26048623 467.68203918
373.36548545 432.71852867
410.30005717 462.38115193
388.76956764 449.93762744
360.17539352 455.27609214
376.60765598 457.02381668
513.93270800 494.05627266
365.58301966 444.33706071
387.39770262 455.81478311
380.19567529 455.13000077
362.27907730 440.25410783
382.13552199 471.83551558
400.49814487 428.42312003
397.32585957 466.69532811
460.11562974 442.92511055
387.88706422 457.74301281
373.20747338 452.50696522
373.28092249 466.82267023
356.95383345 476.38395139
420.30978284 453.44004245
403.68638984 426.06327742
388.49297900 475.27785244
377.92099995 501.69766783
509.56701770 459.13519799
373.34954760 460.47809747
366.93864626 460.26452361
387.19126534 473.40646935
448.28927085 498.64386928
392.46127087 474.78301956
412.27734739 462.49409672
389.72400844 502.33989753
346.16610012 453.53369481
398.35861547 502.49877509
382.62297850 467.22807199
346.83695538 447.78901435
357.75834796 427.30954647
493.48496553 509.96947921
403.96548346 501.31870387
487.36891380 447.23584918
485.73945655 444.33986968
384.44311728 430.99706355
428.08256756 467.79974556
383.74273497 453.16788481
385.50843707 441.01845730
378.02815467 430.55870380
368.93756435 423.94269478
413.26061845 496.49288699
455.67428775 436.01186911
365.21753934 425.56240238
358.41378147 472.62393453
432.92487429 424.34831873
398.75443433 478.15391300
467.47238292 431.44014072
394.17644026 443.59324692
398.87642767 434.55083320
484.05015628 394.16541020
401.49847661 490.23307818
456.27553721 419.12261306
384.10571341 461.11993223
400.02757246 452.83551063
374.65558116 443.91825645
389.59999302 434.83717849
397.66532264 473.38420485
375.16730449 433.27939330
369.49307465 426.55916298
355.56671914 452.67349951
470.98377709 433.17134693
667.00000000 333.00000000
378.87063241 419.69318294
372.63208389 459.49928467
375.85927999 431.18474373
438.85572659 495.26207654
411.56789011 462.54181152
359.36195860 475.38801948
508.45823485 480.79001315
427.79317271 516.86230299
376.98229153 484.32317392
386.78303208 445.80367835
396.58660143 431.54079493
363.97071225 440.16401342
387.56342881 491.80622436
387.44658709 457.24202828
409.99604101 444.65289383
369.52662439 426.34055624
384.32520775 481.73777451
476.30915470 498.46641034
372.37880372 449.57742622
380.07721443 421.82836664
398.52764839 468.99749106
383.83001868 439.31296553
417.08468033 456.89714267
453.30925139 532.67056432
383.07953827 420.13970837
490.50523277 436.18258954
391.59583060 477.01294709
406.62133666 420.38272387
373.77026676 444.57777710
392.69144786 385.85471197
465.30685198 440.33965382
355.91478721 451.42206284
375.31138482 442.93734481
395.43246326 434.51381389
414.44119240 485.51065926
378.97527537 448.09099521
474.64979061 443.25251628
495.69764627 427.48695150
408.77575269 446.86729685
460.52813663 516.19836444
396.44199968 485.34434366
528.72892690 370.42480447
437.76492811 587.50359734
434.37420488 596.77598065
398.86875981 486.82013904
398.75936636 528.20693926
400.13891255 433.28937107
480.42535780 506.63528288
389.13369963 488.07590465
375.70658368 425.15883850
451.92966054 492.49841980
400.67243307 437.46976592
406.74357175 428.72634896
382.32653813 473.59841716
459.10611913 428.72613949
469.51135039 422.32946914
414.89177722 478.29619362
399.99406915 477.22948019
398.21440253 542.10983597
549.66140898 403.84744041
350.34146208 447.72767235
408.48238433 471.07405763
368.30653020 481.73590078
366.77103938 504.50764999
404.82014211 462.21893782
369.76697225 446.32420612
423.23070439 485.92628071
380.37708163 470.49135543
394.59031531 467.28037066
390.87435069 473.82924749
377.03425393 436.25997382
479.42255826 412.35001483
385.33795273 485.55460194
496.77464486 421.52891019
426.12131305 466.87819542
423.17874270 518.64267417
353.88790129 499.48661009
400.50066398 552.53627403
392.52428269 499.85141495
433.38249315 478.55929694
398.08783531 430.73342814
381.71976697 433.02868290
392.51824125 457.11742316
388.52264053 441.95496487
353.27535142 463.65387516
377.07349006 498.63968003
359.39096744 468.77453078
379.00302269 464.37701427
346.29000548 448.03227643
387.03678527 481.33076096
373.74527518 436.80282123
364.49287708 490.18735545
385.07007415 447.00493829
386.57822095 487.16113723
358.76841975 478.42577431
355.92102132 462.63452734
416.43630234 457.12403620
401.31648397 481.84952744
410.58952174 457.70737601
343.61333054 425.65030415
508.25445763 517.79172389
551.34907236 451.21032072
516.21648699 401.92105601
475.83527124 401.80237919
437.11345134 429.40587745
576.27825068 488.07292340
334.38106328 449.62178306
