1116.47934598 985.22493245
908.76767989 797.56050724
1010.90129963 885.96379338
1053.29980683 1258.57631019
956.00239059 857.30909962
908.53708769 1050.92329212
904.22220627 832.95272140
901.30464897 998.08202128
932.79320284 1032.60196977
1029.76009437 1174.91925962
811.14780271 833.96234415
916.80440675 923.44385178
1085.71796003 1009.92381909
846.32703942 889.47282994
968.42770018 1080.83384025
960.28645146 1018.98687600
842.90627334 869.89217766
970.73622479 967.82943929
986.93467944 786.19702321
798.12507822 915.08007122
787.71366840 940.06224659
727.30284557 975.84842674
980.35714376 1029.75096248
964.34201334 752.90927094
986.96302098 870.58172503
1052.55533473 987.52372383
943.02881206 992.54675375
929.40907964 859.65686750
958.19890558 938.89471726
888.24104813 871.23981841
1020.83811457 896.40268807
924.46987789 1052.74081704
974.91094141 932.33895019
988.21357760 884.07902243
927.00650148 946.15544856
920.32277948 909.62614601
875.44842683 951.23619688
721.44308629 874.85841110
805.41996155 811.24542578
859.24258510 950.35143053
770.23019784 858.09957437
833.03547501 995.47253022
1113.27937731 987.52578413
866.11610114 953.59100696
826.92426101 916.75805625
1000.12794548 916.83100176
696.02873249 969.98125453
887.77395600 998.47685852
770.67303480 924.40442768
788.03972482 881.58927449
727.74332073 879.15802258
739.49755832 865.81502450
730.56418673 904.90354985
936.68878100 884.13322326
815.29268935 851.78304803
748.64401617 926.27207661
977.77878784 845.41712506
902.32914240 953.17036147
722.29329272 862.57554697
709.64129227 1000.16813291
763.06083408 1011.78451229
757.16839765 1024.29208640
981.14773717 1020.12332774
765.24945404 1028.53721204
887.51759248 971.83454858
891.20166978 944.98407782
750.84882167 997.11049388
728.48372943 899.64823621
968.04992800 1223.35076011
736.33945918 890.47212400
918.43726829 775.60016789
826.48749738 1163.77899629
1003.87512732 952.06111339
824.84371685 925.18930623
755.60886233 898.36798300
879.47654204 856.68440521
810.41206734 985.78370840
1026.07135325 951.46182622
1192.05114027 1077.14190512
774.17916583 912.89100065
785.87544633 977.58823659
871.51895276 1003.80285878
1164.59635255 847.13561246
989.56295974 946.68021959
769.51257104 937.56967883
936.25182363 866.49525215
854.43040917 926.58365128
945.26619619 848.82033349
807.37072565 951.71236054
874.33145607 954.59706043
787.40530020 868.08999985
843.59129257 903.81589535
748.97143440 826.26859008
775.90762156 889.57532507
920.61264064 939.57615402
970.07133840 851.55004150
756.76550393 928.27160072
716.71122969 960.32504505
749.86272419 933.33518105
854.69513487 942.23223137
822.67195748 875.56185687
696.85004649 1037.09839694
730.63454285 874.49241077
771.29830362 981.96817438
753.73548165 967.87511512
933.98337913 1054.10185151
813.01406684 980.26986199
739.46117502 887.25798072
1234.39929306 953.47884356
767.85773861 943.16776954
759.79498945 1006.56592867
832.72966153 996.10909774
945.50215582 1050.14871263
794.70997641 1037.99914218
759.26734532 1027.98997868
773.43281437 931.26710344
771.87492089 1041.63870736
930.82761046 972.77711279
987.17953740 999.54618211
861.85995678 845.53521076
745.35236738 933.45409722
937.65277326 877.74442979
1229.46949419 997.30659478
812.35866219 919.15410132
768.65635731 897.11084130
739.93714795 859.62874522
816.38355261 891.34112573
894.46240619 805.11367184
878.88746717 964.09565563
977.62472012 872.60830934
778.57787786 967.97914102
879.59563863 886.80317707
877.17079974 883.37151440
814.23977378 869.77811671
902.16288650 828.48070501
775.54469293 907.49135096
756.49974803 905.42495062
736.43933465 907.52634599
951.32392327 949.50244466
775.08091174 964.89748246
682.80997462 940.12434844
876.93862210 879.41159945
760.92014371 950.75229327
779.80447514 918.27047663
703.21533478 891.92524318
813.51643164 1042.79049503
909.13994268 1080.07571525
847.88289252 956.81259333
823.29867294 908.46815811
742.79068270 847.79866636
791.85254251 931.29945726
838.42335937 1155.98412572
1052.39490032 1334.00000000
721.62344359 929.48185664
806.30196352 952.27839219
762.05710062 921.44089002
961.05354764 908.82359333
812.94289737 820.45816034
724.33262510 899.11186544
693.02906475 885.02219916
817.63801880 979.87634259
939.27653495 825.69774311
1023.59865636 855.02495173
795.44001081 969.49126776
1003.58355360 784.50656659
744.39381577 831.34978199
701.98698806 921.48421745
872.92830200 854.32290493
990.62669427 862.65726397
775.51840985 860.76553442
759.12209309 925.00919097
806.96385745 865.95306403
921.94048594 962.78827494
729.54172698 974.42839507
693.68476477 913.94097575
672.53556689 954.96409317
871.62383571 1151.52380325
926.12013972 944.44839423
684.00973996 810.09936824
711.83705074 880.35061120
1126.24168353 737.31254010
1110.81205773 940.33217997
859.04767502 868.45517670
754.71199890 938.98314163
823.97961060 888.78467263
717.17739951 948.04788002
847.02145022 803.91945980
749.32369291 908.16948487
734.84369418 926.37115069
733.40846792 885.02629677
1034.99085555 1184.24200695
783.45342055 903.42807676
666.00000000 905.57227494
890.20527195 1012.40589759
915.59521106 972.51555156
749.83808290 889.41271349
912.14468126 996.05458229
874.86324794 841.05353835
941.89746047 846.48346910
874.24203718 933.81147859
790.91036243 925.09578744
886.23112287 852.24652211
1111.71017192 899.75120311
974.90506190 1022.58400207
812.03980767 942.68976188
829.07474313 898.21986318
730.42967565 964.16161564
849.51422903 829.74628733
845.48192168 989.45889362
773.03105629 840.08419300
982.66953674 821.82198448
744.35391211 908.23355238
1210.86276444 673.63041532
938.81459104 1006.20939890
912.45990792 1007.08992156
876.11596112 991.98391312
824.01815175 995.99927004
751.73374407 956.93624058
986.77832308 827.75641691
967.07546406 768.07838481
763.43730339 897.18314842
806.36247591 935.65127014
745.05325248 980.70761973
890.92517860 926.72304930
760.23670712 874.69088365
810.67086128 880.21663404
717.00549873 938.93833080
823.99306801 901.08914848
791.40209209 914.63651803
919.99309326 1035.02988275
935.30619218 917.14865263
713.20709879 876.80261969
723.66823308 878.85819694
937.10918243 791.94771440
712.67394579 959.42162627
764.63590347 876.97554127
1092.39682957 784.89801417
916.69660345 791.55311006
815.07446105 883.96733728
938.14610783 850.53035611
767.88701938 881.37371629
699.21389334 864.10241003
876.25493164 1078.48319972
779.41352776 869.25630299
951.73718300 887.57038908
766.25104798 989.46300527
737.33174976 882.78285879
867.19805884 998.77197901
757.05629847 945.19656504
760.00705908 936.37866006
1053.93740179 853.14758758
743.32312385 899.93844966
1052.14167759 938.59865010
875.99479998 862.97655676
949.17579155 829.09731645
849.93956095 934.19795272
1031.00859014 861.41174413
996.30047079 1049.10474008
1102.46993550 1028.92745050
948.55520434 956.24067991
938.99938730 810.59101876
810.23833605 806.36101382
936.13391957 888.73770205
777.62245293 818.77422427
885.17261469 840.02557826
1037.93969669 724.18852472
791.17760663 976.62583495
774.46685431 885.03436781
766.15880210 921.57026901
813.30490046 1024.74669834
698.32939554 817.22062373
739.46885881 934.72763444
1070.18514530 820.30526339
724.80605756 973.44013820
846.18112551 818.03798972
796.91879939 949.13055923
703.22985340 910.68901778
836.41629472 807.69844662
729.28411886 834.78936021
778.91114607 891.64647739
987.28766741 877.23345337
760.46980777 916.72761985
951.41651999 858.82453438
916.38182175 940.20493950
793.98546656 921.44919686
709.55217574 876.07186046
814.91661243 976.90085409
704.26411700 856.31067794
848.19455784 1043.48812391
744.20449273 932.88467015
931.54431159 1061.54386234
823.13051881 894.71540452
792.53444973 967.01886555
748.26461520 912.43980296
733.14775979 894.74744231
734.69973031 873.91617146
690.29727868 903.43476258
763.05939658 894.20530438
750.81307125 838.10648507
732.29322932 946.00906319
1037.03955425 872.51490706
791.46285893 940.69038230
1055.13058740 923.06890514
726.64662569 950.52669564
742.57373267 915.37556648
742.04253107 911.21161263
718.26176157 871.20628884
671.35620173 939.51887002
693.71673003 820.63087104
712.95063809 837.78238188
733.69790328 919.00789511
735.16240584 818.22392444
770.67429037 921.11441602
712.63091475 913.35720375
720.95162693 1065.63874424
687.19827858 844.46900591
690.98288064 862.22231681
893.73542990 842.72840804
883.89519346 1134.93340975
712.97878465 875.22826261
796.36074951 1035.19516831
891.88951272 779.39559682
780.62558399 934.26495326
1056.76517402 920.08663435
739.86883870 896.88363478
747.75549652 906.00283356
739.74662992 863.11368979
694.61114778 861.00061114
904.57710191 909.81719975
900.22115747 958.08976017
890.39721702 912.42085757
819.77724410 962.81350226
737.79781320 957.48144787
701.99644277 896.27379977
719.59018953 891.38864209
937.21143092 869.48856474
762.83373204 953.75844998
978.73805337 889.46253231
742.24827875 958.54486263
1060.32825047 749.15855830
844.89816356 928.70823733
776.70063394 1004.80317448
772.48203555 980.56139845
987.74228778 877.51415348
769.43771067 952.73688675
761.66544034 1034.42029232
733.08304826 902.77930282
799.05498578 878.02388733
734.36156055 936.85712077
777.01118020 969.23442115
712.51437863 876.71496888
1024.58753436 1088.93957548
1169.63437503 799.69156517
900.54762493 930.99608965
743.94232335 929.26055114
805.89063955 947.43009661
846.80832818 991.10937091
738.39555317 860.55633878
744.52109478 974.81247936
738.39566657 940.27664851
695.72273155 830.61885251
760.00605398 882.22919953
762.66923068 913.02739864
812.08787465 851.52260740
740.04165400 872.41118290
919.36565069 791.75022757
1025.95321237 875.62536441
768.00742661 909.53407363
997.87531918 700.54847114
1057.11667184 801.26020605
964.30222356 959.87125150
759.58726852 854.99596961
946.83665681 857.03435846
943.30308378 794.59177694
756.06757558 885.06759207
832.95072024 916.99610216
898.29989417 1132.23241425
742.27714191 849.62676836
786.93760885 930.86370301
950.83267317 1117.73845002
807.63296604 996.84238578
735.51319157 927.86708583
788.42513703 953.42449841
823.71219850 992.20494418
765.66348423 890.66122565
819.31314608 878.02311353
773.04242579 931.77757385
731.35688998 840.97936726
821.46487563 1042.81173599
979.45029680 914.82596324
724.67650868 947.08894181
726.16271219 1006.77605319
962.52811328 946.45304589
1070.06281065 893.01142973
774.52097245 935.36407837
746.73097090 865.43705734
820.60011435 924.76230386
777.53913528 899.87525489
720.35078703 910.55218427
753.21531195 914.04763337
1027.86541599 988.11254532
731.16603932 888.67412143
774.79540523 911.62956622
760.39135058 910.26000154
724.55815461 880.50821567
764.27104399 943.67103117
800.99628974 856.84624007
794.65171914 933.39065623
920.23125949 885.85022109
775.77412845 915.48602563
746.41494676 905.01393045
746.56184499 933.64534045
713.90766690 952.76790278
840.61956567 906.88008489
807.37277968 852.12655483
776.98595800 950.55570489
755.84199991 1003.39533566
1019.13403540 918.27039598
746.69909519 920.95619495
733.87729252 920.52904723
774.38253068 946.81293870
896.57854169 997.28773856
784.92254174 949.56603911
824.55469478 924.98819344
779.44801688 1004.67979507
692.33220025 907.06738962
796.71723094 1004.99755017
765.24595700 934.45614398
693.67391076 895.57802871
715.51669592 854.61909294
986.96993106 1019.93895842
807.93096692 1002.63740774
974.73782761 894.47169836
971.47891310 888.67973936
768.88623457 861.99412710
856.16513511 935.59949112
767.48546994 906.33576962
771.01687414 882.03691461
756.05630934 861.11740760
737.87512870 847.88538957
826.52123690 992.98577399
911.34857550 872.02373823
730.43507869 851.12480476
716.82756295 945.24786906
865.84974859 848.69663747
797.50886867 956.30782600
934.94476584 862.88028144
788.35288051 887.18649384
797.75285534 869.10166640
968.10031257 788.33082040
802.99695322 980.46615637
912.55107443 838.24522612
768.21142681 922.23986446
800.05514493 905.67102125
749.31116233 887.83651290
779.19998604 869.67435698
795.33064527 946.76840971
750.33460898 866.55878661
738.98614930 853.11832595
711.13343828 905.34699902
941.96755419 866.34269385
1334.00000000 666.00000000
757.74126482 839.38636589
745.26416777 918.99856933
751.71855999 862.36948746
877.71145318 990.52415309
823.13578023 925.08362305
718.72391720 950.77603895
1016.91646971 961.58002629
855.58634542 1033.72460599
753.96458305 968.64634784
773.56606417 891.60735670
793.17320285 863.08158986
727.94142451 880.32802685
775.12685762 983.61244871
774.89317417 914.48405657
819.99208203 889.30578766
739.05324878 852.68111249
768.65041549 963.47554902
952.61830939 996.93282067
744.75760743 899.15485243
760.15442885 843.65673328
797.05529678 937.99498212
767.66003736 878.62593105
834.16936067 913.79428533
906.61850278 1065.34112865
766.15907654 840.27941673
981.01046555 872.36517907
783.19166119 954.02589418
813.24267332 840.76544774
747.54053352 889.15555420
785.38289572 771.70942393
930.61370397 880.67930764
711.82957441 902.84412569
750.62276964 885.87468962
790.86492651 869.02762778
828.88238479 971.02131851
757.95055073 896.18199042
949.29958122 886.50503256
991.39529253 854.97390300
817.55150537 893.73459371
921.05627325 1032.39672889
792.88399937 970.68868733
1057.45785380 740.84960894
875.52985622 1175.00719468
868.74840975 1193.55196131
797.73751961 973.64027809
797.51873272 1056.41387853
800.27782510 866.57874215
960.85071559 1013.27056577
778.26739927 976.15180930
751.41316736 850.31767700
903.85932109 984.99683960
801.34486615 874.93953184
813.48714349 857.45269793
764.65307625 947.19683431
918.21223826 857.45227898
939.02270079 844.65893828
829.78355444 956.59238724
799.98813830 954.45896039
796.42880505 1084.21967194
1099.32281796 807.69488081
700.68292416 895.45534471
816.96476866 942.14811527
736.61306040 963.47180156
733.54207877 1009.01529999
809.64028421 924.43787563
739.53394450 892.64841224
846.46140877 971.85256142
760.75416325 940.98271087
789.18063062 934.56074133
781.74870137 947.65849498
754.06850785 872.51994764
958.84511652 824.70002967
770.67590547 971.10920389
993.54928972 843.05782039
852.24262609 933.75639084
846.35748540 1037.28534834
707.77580257 998.97322019
801.00132796 1105.07254806
785.04856537 999.70282990
866.76498630 957.11859389
796.17567062 861.46685627
763.43953394 866.05736581
785.03648249 914.23484631
777.04528106 883.90992975
706.55070283 927.30775032
754.14698013 997.27936007
718.78193488 937.54906156
758.00604538 928.75402854
692.58001095 896.06455285
774.07357053 962.66152193
747.49055037 873.60564246
728.98575416 980.37471090
770.14014830 894.00987658
773.15644190 974.32227446
717.53683950 956.85154863
711.84204263 925.26905469
832.87260469 914.24807241
802.63296794 963.69905488
821.17904347 915.41475202
687.22666108 851.30060830
1016.50891525 1035.58344778
1102.69814471 902.42064143
1032.43297398 803.84211202
951.67054249 803.60475838
874.22690267 858.81175490
1152.55650137 976.14584680
668.76212656 899.24356612
